[
    [ds.Stack([1, 2, 4, 10, 9]), 3],
    [ds.Stack([]), 0],
    [ds.Stack([1, 2, 3, 4, 5, 6, 7, 8, 9, 10]), 10],
    [ds.Stack([5, 4, 3, 2, 1]), 2],
    [ds.Stack([10, 20, 30, 40, 50]), 0],
    [ds.Stack([7, 8, 9]), 3],
    [ds.Stack([100, 200, 300, 400]), 4],
    [ds.Stack([15, 25, 35, 45]), 1],
    [ds.Stack([2, 4, 6, 8, 10, 12]), 3],
    [ds.Stack([99]), 1],
    [ds.Stack([1, 3, 5, 7, 9, 11]), 6],
    [ds.Stack([10]), 0],
    [ds.Stack([5, 10, 15, 20, 25, 30]), 2],
    [ds.Stack([3, 6, 9, 12]), 3],
    [ds.Stack([100, 200]), 1],
    [ds.Stack([1, 2, 3, 4]), 4],
    [ds.Stack([50, 60, 70, 80, 90]), 3],
    [ds.Stack([11, 22, 33]), 0],
    [ds.Stack([6, 7, 8, 9, 10]), 5],
    [ds.Stack([999, 888, 777]), 2],
    [ds.Stack([-5, -4, -3, -2, -1]), 2],
    [ds.Stack([0, 0, 0, 0]), 3],
    [ds.Stack([10000, -10000]), 1],
    [ds.Stack([1, -1, 2, -2]), 0],
    [ds.Stack([9, 8, 7, 6, 5, 4, 3, 2, 1]), 4],
    [ds.Stack([50]), 0],
    [ds.Stack([12, 24, 36]), 2],
    [ds.Stack([-100, -200, -300]), 3],
    [ds.Stack([7]), 1],
    [ds.Stack([1, 10, 100, 1000]), 2],
    [ds.Stack([2, 3, 5, 7, 11]), 1],
    [ds.Stack([20, 40, 60, 80]), 4],
    [ds.Stack([15]), 1],
    [ds.Stack([4, 8, 12, 16, 20, 24]), 5],
    [ds.Stack([-10, 10, -20, 20]), 2],
    [ds.Stack([99, 98, 97]), 0],
    [ds.Stack([1000, 2000, 3000, 4000]), 3],
    [ds.Stack([5, 15, 25]), 2],
    [ds.Stack([8]), 0],
    [ds.Stack([1, 2, 3, 4, 5, 6]), 6],
    [ds.Stack([-50, -40, -30, -20, -10]), 3],
    [ds.Stack([44, 55, 66]), 1],
    [ds.Stack([9, 18, 27, 36]), 0],
    [ds.Stack([111, 222, 333, 444]), 4],
    [ds.Stack([6, 12, 18]), 3],
    [ds.Stack([25, 50, 75, 100]), 2],
    [ds.Stack([-1, -2, -3]), 1],
    [ds.Stack([19, 29, 39, 49]), 4],
    [ds.Stack([3]), 1],
    [ds.Stack([10, 9, 8, 7, 6, 5]), 3],
    [ds.Stack([200, 400]), 0],
    [ds.Stack([14, 28, 42, 56]), 3],
    [ds.Stack([-99, 99]), 2],
    [ds.Stack([17, 34, 51]), 1],
    [ds.Stack([1, 2]), 0],
    [ds.Stack([30, 60, 90, 120]), 4],
    [ds.Stack([-8, -6, -4, -2]), 2],
    [ds.Stack([13]), 0],
    [ds.Stack([4, 3, 2, 1, 0]), 5],
    [ds.Stack([22, 44, 66, 88]), 3],
    [ds.Stack([-15, 15]), 1],
    [ds.Stack([7, 14, 21, 28, 35]), 2],
    [ds.Stack([100]), 1],
    [ds.Stack([2, 4, 8, 16, 32]), 4],
    [ds.Stack([-3, -2, -1, 0, 1]), 0],
    [ds.Stack([18, 36]), 2],
    [ds.Stack([9, 7, 5, 3, 1]), 3],
    [ds.Stack([40]), 1],
    [ds.Stack([11, 33, 55, 77]), 2],
    [ds.Stack([-1000, 1000]), 0],
    [ds.Stack([6, 5, 4, 3, 2, 1]), 6],
    [ds.Stack([26, 52]), 1],
    [ds.Stack([8, 16, 24, 32, 40]), 5],
    [ds.Stack([-25, -50, -75]), 3],
    [ds.Stack([12]), 1],
    [ds.Stack([3, 9, 27, 81]), 2],
    [ds.Stack([14, 7]), 0],
    [ds.Stack([20, 15, 10, 5]), 4],
    [ds.Stack([-40, 40]), 2],
    [ds.Stack([19]), 1],
    [ds.Stack([5, 25, 125]), 1],
    [ds.Stack([16, 32, 48, 64]), 0],
    [ds.Stack([-7, 0, 7]), 3],
    [ds.Stack([23, 46]), 2],
    [ds.Stack([9, 99, 999]), 1],
    [ds.Stack([30]), 0],
    [ds.Stack([2, 6, 18, 54]), 3],
    [ds.Stack([-12, 12, -24, 24]), 4],
    [ds.Stack([17]), 1],
    [ds.Stack([4, 12, 36]), 2],
    [ds.Stack([25, 20, 15, 10, 5]), 5],
    [ds.Stack([-30, 30]), 0],
    [ds.Stack([21, 42]), 1],
    [ds.Stack([8, 64, 512]), 3],
    [ds.Stack([13, 26, 39, 52]), 2],
    [ds.Stack([-18]), 1],
    [ds.Stack([6, 30, 150]), 0],
    [ds.Stack([24, 48]), 2],
    [ds.Stack([7, 49, 343]), 2],
    [ds.Stack([15, 45]), 1],
    [ds.Stack([-9, 9, -81, 81]), 4],
    [ds.Stack([28]), 1],
    [ds.Stack([5, 20, 80]), 3],
    [ds.Stack([11, 22]), 0],
    [ds.Stack(list(range(1, 101))), 50],
    [ds.Stack(list(range(-5000, 5001, 1000))), 5],
    [ds.Stack([9999] * 100), 75],
    [ds.Stack(list(range(1000, 0, -1))), 500],
    [ds.Stack([0] * 1000), 999],
    [ds.Stack([-10000] + [10000] * 99), 50]
]