[
    25,
    8,
    5,
    10,
    -25,
1,
-145255,
150284,
167829,
284707,
-77783,
30306,
24794,
526033,
67184,
362836,
-149627,
43434,
179004,
190242,
305537,
-134474,
644771,
424044,
-397681,
-429888,
861248,
936935,
313681,
416680,
-641068,
-536110,
485048,
176600,
120460,
681674,
-395957,
-224470,
-244352,
-171955,
-927616,
333932,
100008,
1171043,
-26665,
577257,
163925,
313866,
-198178,
-225611,
-1183541,
56412,
470585,
137803,
10000000,
-10000000,
177000,
206400,
241500,
275650,
316000,
354900,
400500,
444150,
495000
]