[
    [6, 9, [-1, 0, 3, 5, 9, 12]],
    [5, 2, [1, 3, 5, 7, 9]],
    [0, 5, []],
    [1, 5, [5]],
    [1, 3, [5]],
    [3, 1, [1, 2, 3]],
    [3, 3, [1, 2, 3]],
    [5, -5, [-10, -8, -5, -3, 0]],
    [5, 0, [1, 3, 5, 7, 9]],
    [5, 15, [1, 3, 5, 7, 9]],
    [7, 0, [-3, -2, -1, 0, 1, 2, 3]],
    [7, 4, [-3, -2, -1, 0, 1, 2, 3]],
    [4, 7, [2, 4, 6, 8]],
    [4, 5, [2, 4, 6, 8]],
    [11, 1000000000, [0, 100000000, 200000000, 300000000, 400000000, 500000000, 600000000, 700000000, 800000000, 900000000, 1000000000]],
    [100, 50, list(range(100))],
    [100, 99, list(range(100))],
    [100, 100, list(range(100))],
    [100, -1, list(range(100))],
    [1000, 500, list(range(1000))],
    [1000, 999, list(range(1000))],
    [1000, 1000, list(range(1000))],
    [1000, 0, list(range(1000))],
    [1000, -500, list(range(-1000, 0))],
    [1000, -1, list(range(-1000, 0))],
    [10000, 5000, list(range(10000))],
    [10000, 9999, list(range(10000))],
    [10000, 10000, list(range(10000))],
    [10000, -1, list(range(10000))],
    [1, -1000000000, [-1000000000]],
    [2, -999999999, [-1000000000, -999999999]],
    [3, 999999999, [999999997, 999999998, 999999999]],
    [50, 25, list(range(0, 100, 2))],
    [50, 26, list(range(0, 100, 2))],
    [100, 198, list(range(0, 200, 2))],
    [100, 199, list(range(0, 200, 2))],
    [500, 0, list(range(-250, 250))],
    [500, 249, list(range(-250, 250))],
    [500, -250, list(range(-250, 250))],
    [500, 250, list(range(-250, 250))],
    [100, 9999, [i*i for i in range(100)]],
    [100, 10000, [i*i for i in range(100)]],
    [100, 0, [i*i for i in range(100)]],
    [100, 1, [i*i for i in range(100)]],
    [20, 0, [-19, -17, -15, -13, -11, -9, -7, -5, -3, -1, 1, 3, 5, 7, 9, 11, 13, 15, 17, 19]],
    [20, 1, [-19, -17, -15, -13, -11, -9, -7, -5, -3, -1, 1, 3, 5, 7, 9, 11, 13, 15, 17, 19]],
    [20, 19, [-19, -17, -15, -13, -11, -9, -7, -5, -3, -1, 1, 3, 5, 7, 9, 11, 13, 15, 17, 19]]
]